AA	variant	case	control
50	C50S	0	0
259	N259S	0	0
294	G294V	0	0
383	I383V	0	4
385	W385L	0	0
414	M414I	0	0
7	S7C	0	0
27	T27M	0	0
28	P28L	0	0
29	R29C	0	0
29	R29H	0	0
54	E54D	0	0
56	G56S	0	1
62	R62H	0	6
65	C65Y	0	0
70	G70R	0	0
71	R71W	0	3
130	S130L	0	1
151	V151I	0	0
174	M174V	0	0
184	T184A	0	0
263	D263H	0	1
293	I293L	0	4
301	T301S	0	0
305	A305V	0	0
431	D431A	0	0
435	R435W	0	0
35	R35W	0	1
38	H38Q	0	1
40	D40N	0	0
63	V63A	0	0
84	M84V	0	0
94	V94M	0	0
116	T116I	0	1
119	T119I	0	6
137	A137S	0	0
139	M139V	0	2
143	I143T	0	0
146	M146L	0	0
173	L173F	0	1
188	T188I	0	0
209	G209R	0	1
227	I227L	0	7
280	E280A	0	2
304	E304A	0	0
315	Y315H	0	0
318	E318G	0	9
354	T354I	0	0
355	P355S	0	1
408	I408T	0	1
416	I416T	0	0
