Gene.refGene	variant	AA	exon	het_case	hom_case	het_control	hom_control	ad_het	ad_hom	eod_het	eod_hom	ftld_het	ftld_hom	aao65_het	aao65_hom	healthy_het	healthy_hom
ABCA7	N79T	79	exon4	0	3	0	1	0	3	0	0	0	0	0	2	0	0
ABCA7	R110C	110	exon5	0	1	0	0	0	0	0	0	0	0	0	0	0	0
ABCA7	L164M	164	exon6	0	1	0	0	0	0	0	0	0	1	0	0	0	0
ABCA7	E188G	188	exon7	150	321	39	148	76	133	14	34	31	88	93	199	7	47
ABCA7	G215S	215	exon8	0	31	0	17	0	15	0	2	0	9	0	21	0	9
ABCA7	P302H	302	exon9	0	0	0	1	0	0	0	0	0	0	0	0	0	0
ABCA7	M308V	308	exon9	0	3	0	0	0	0	0	1	0	0	0	1	0	0
ABCA7	Q310H	310	exon9	0	0	0	1	0	0	0	0	0	0	0	0	0	0
ABCA7	T319A	319	exon10	2	40	0	14	2	22	0	4	0	9	2	28	0	5
ABCA7	H395R	395	exon11	2	37	0	13	2	21	0	4	0	8	2	26	0	5
ABCA7	A414G	414	exon12	1	14	0	4	1	8	0	2	0	3	1	10	0	1
ABCA7	R463H	463	exon12	0	5	0	4	0	2	0	1	0	2	0	3	0	3
ABCA7	V541M	541	exon13	0	0	0	1	0	0	0	0	0	0	0	0	0	0
ABCA7	W592C	592	exon14	0	1	0	0	0	1	0	0	0	0	0	1	0	0
ABCA7	A676T	676	exon15	0	18	0	4	0	12	0	1	0	2	0	14	0	1
ABCA7	N718T	718	exon16	0	5	0	4	0	2	0	1	0	2	0	3	0	3
ABCA7	V733A	733	exon16	0	3	0	1	0	1	0	0	0	1	0	1	0	0
ABCA7	Q758H	758	exon17	0	14	0	0	0	4	0	1	0	2	0	4	0	0
ABCA7	R770W	770	exon17	0	1	0	0	0	0	0	0	0	1	0	1	0	0
ABCA7	A784G	784	exon17	0	3	0	0	0	1	0	0	0	0	0	1	0	0
ABCA7	P787L	787	exon17	0	5	0	0	0	0	0	0	0	0	0	0	0	0
ABCA7	D871H	871	exon19	0	3	0	0	0	3	0	0	0	0	0	1	0	0
ABCA7	A877T	877	exon19	7	116	4	40	3	50	1	12	1	25	5	69	0	13
ABCA7	R1026H	1026	exon22	0	7	0	4	0	3	0	0	0	1	0	3	0	0
ABCA7	E1198G	1198	exon27	0	2	0	5	0	1	0	0	0	0	0	1	0	0
ABCA7	R1237H	1237	exon27	0	10	0	0	0	2	0	1	0	2	0	4	0	0
ABCA7	P1261H	1261	exon28	0	1	0	0	0	1	0	0	0	0	0	1	0	0
ABCA7	R1270W	1270	exon28	0	2	0	0	0	2	0	0	0	0	0	2	0	0
ABCA7	R1349Q	1349	exon30	133	305	54	132	59	129	6	36	29	74	74	190	15	41
ABCA7	R1385Q	1385	exon30	0	1	0	1	0	0	0	1	0	0	0	1	0	1
ABCA7	G1421V	1421	exon32	0	4	0	1	0	0	0	2	0	2	0	4	0	0
ABCA7	R1434C	1434	exon32	0	1	0	0	0	0	0	0	0	1	0	1	0	0
ABCA7	R1453C	1453	exon32	0	6	0	1	0	3	0	0	0	3	0	2	0	1
ABCA7	R1505H	1505	exon33	0	6	0	4	0	3	0	0	0	2	0	5	0	0
ABCA7	G1527A	1527	exon33	13	163	2	62	9	84	0	15	1	39	5	110	0	16
ABCA7	P1576A	1576	exon34	0	0	0	1	0	0	0	0	0	0	0	0	0	0
ABCA7	V1599M	1599	exon35	0	4	0	0	0	2	0	0	0	1	0	2	0	0
ABCA7	S1629L	1629	exon36	1	7	0	0	1	5	0	0	0	1	1	4	0	0
ABCA7	P1632L	1632	exon36	0	3	0	2	0	3	0	0	0	0	0	3	0	0
ABCA7	Q1686R	1686	exon37	0	5	0	5	0	2	0	1	0	2	0	3	0	3
ABCA7	S1723L	1723	exon38	0	18	0	4	0	12	0	1	0	2	0	14	0	1
ABCA7	G1770E	1770	exon39	0	3	0	0	0	2	0	0	0	1	0	3	0	0
ABCA7	R1812H	1812	exon40	0	18	0	3	0	12	0	1	0	3	0	11	0	1
ABCA7	R1932C	1932	exon43	0	1	0	0	0	1	0	0	0	0	0	1	0	0
ABCA7	A2045S	2045	exon46	49	251	12	107	28	109	1	33	13	60	30	163	2	35
ABCA7	V2076A	2076	exon46	0	2	0	0	0	2	0	0	0	0	0	2	0	0
ABCA7	L2136F	2136	exon47	0	1	0	0	0	1	0	0	0	0	0	1	0	0
