Gene.refGene	variant	AA	exon	all.Hom_A1	all.Het	ad.Hom_A1	ad.Het	ftld-mnd.Hom_A1	ftld-mnd.Het	eod.Hom_A1	eod.Het	aao.Hom_A1	aao.Het	healthy.Hom_A1	healthy.Het
LRRK2	R50H	50	1	1	25	1	11	0	5	0	1	1	12	0	3
LRRK2	L119P	119	4	0	6	0	2	0	1	0	1	0	3	0	1
LRRK2	S128G	128	4	0	3	0	1	0	1	0	0	0	2	0	1
LRRK2	F160I	160	5	0	1	0	0	0	1	0	0	0	1	0	0
LRRK2	S231F	231	6	0	1	0	1	0	0	0	0	0	1	0	0
LRRK2	N246H	246	7	0	2	0	1	0	1	0	0	0	2	0	0
LRRK2	R506X	506	13	0	1	0	0	0	1	0	0	0	1	0	0
LRRK2	N551K	551	14	50	281	22	107	9	58	3	25	30	143	6	35
LRRK2	I723V	723	18	4	79	2	43	0	11	2	3	2	42	0	9
LRRK2	D734N	734	18	0	1	0	0	0	0	0	0	0	0	0	0
LRRK2	Q923H	923	21	0	3	0	0	0	0	0	1	0	1	0	1
LRRK2	Q1111H	1111	24	0	35	0	12	0	10	0	2	0	20	0	3
LRRK2	P1262A	1262	28	0	2	0	2	0	0	0	0	0	0	0	0
LRRK2	C1313X	1313	28	0	2	0	2	0	0	0	0	0	2	0	0
LRRK2	I1371V	1371	29	0	1	0	1	0	0	0	0	0	1	0	0
LRRK2	R1398H	1398	30	37	272	16	110	8	51	2	24	22	136	4	35
LRRK2	T1410M	1410	30	0	13	0	5	0	1	0	0	0	3	0	0
LRRK2	Q1425H	1425	30	0	1	0	1	0	0	0	0	0	1	0	0
LRRK2	S1445C	1445	31	0	1	0	0	0	0	0	1	0	1	0	0
LRRK2	R1514Q	1514	32	0	7	0	2	0	4	0	1	0	4	0	0
LRRK2	P1524L	1524	32	0	6	0	2	0	1	0	1	0	1	0	0
LRRK2	L1535S	1535	32	0	1	0	1	0	0	0	0	0	1	0	0
LRRK2	K1539E	1539	32	0	1	0	1	0	0	0	0	0	0	0	0
LRRK2	P1542S	1542	32	0	51	0	19	0	17	0	2	0	28	0	5
LRRK2	R1628H	1628	34	0	2	0	0	0	2	0	0	0	0	0	0
LRRK2	M1646T	1646	34	0	20	0	8	0	2	0	0	0	7	0	3
LRRK2	S1647T	1647	34	57	314	22	135	17	65	6	26	33	177	6	48
LRRK2	R1725X	1725	36	0	2	0	1	0	1	0	0	0	2	0	0
LRRK2	E1948Q	1948	40	0	1	0	0	0	1	0	0	0	0	0	0
LRRK2	G2019S	2019	41	0	2	0	1	0	0	0	0	0	1	0	1
LRRK2	F2059L	2059	42	0	1	0	0	0	0	0	0	0	0	0	1
LRRK2	N2081D	2081	42	1	35	1	15	0	7	0	6	1	21	0	5
LRRK2	I2151N	2151	44	0	1	0	0	0	1	0	0	0	1	0	0
LRRK2	M2397T	2397	49	122	417	56	181	27	82	8	33	65	224	15	66
LRRK2	R2446C	2446	49	0	1	0	1	0	0	0	0	0	1	0	0
