Gene.refGene	variant	AA	exon	all.Hom_A1	all.Het	ad.Hom_A1	ad.Het	ftld-mnd.Hom_A1	ftld-mnd.Het	eod.Hom_A1	eod.Het	aao.Hom_A1	aao.Het	healthy.Hom_A1	healthy.Het
NOTCH3	T2270M	2270	33	0	4	0	2	0	2	0	0	0	4	0	0
NOTCH3	A2223V	2223	33	107	408	43	173	19	75	9	45	57	218	12	56
NOTCH3	P2209L	2209	33	0	1	0	1	0	0	0	0	0	1	0	0
NOTCH3	P2178S	2178	33	0	3	0	2	0	0	0	0	0	2	0	0
NOTCH3	V2168M	2168	33	0	1	0	0	0	1	0	0	0	1	0	0
NOTCH3	R2150H	2150	33	0	1	0	1	0	0	0	0	0	1	0	0
NOTCH3	G2076E	2076	33	0	2	0	1	0	0	0	0	0	0	0	0
NOTCH3	P2074L	2074	33	0	17	0	6	0	2	0	5	0	12	0	2
NOTCH3	S2058W	2058	33	0	2	0	1	0	0	0	0	0	1	0	0
NOTCH3	V2011I	2011	33	0	7	0	2	0	3	0	0	0	4	0	1
NOTCH3	M1967I	1967	32	0	3	0	0	0	0	0	3	0	3	0	0
NOTCH3	V1952M	1952	32	0	5	0	1	0	2	0	0	0	2	0	1
NOTCH3	R1785S	1785	29	0	1	0	1	0	0	0	0	0	1	0	0
NOTCH3	G1710D	1710	28	0	2	0	0	0	0	0	1	0	1	0	1
NOTCH3	N1588H	1588	26	0	6	0	2	0	2	0	0	0	2	0	1
NOTCH3	R1560P	1560	25	0	3	0	2	0	0	0	0	0	1	0	1
NOTCH3	L1518M	1518	25	0	5	0	2	0	1	0	0	0	3	0	0
NOTCH3	A1445S	1445	24	0	1	0	0	0	1	0	0	0	0	0	0
NOTCH3	A1342D	1342	24	0	1	0	0	0	0	0	1	0	1	0	0
NOTCH3	H1235L	1235	22	0	13	0	0	0	6	0	0	0	2	0	0
NOTCH3	R1231C	1231	22	0	4	0	2	0	0	0	0	0	2	0	0
NOTCH3	R1220W	1220	22	0	2	0	1	0	1	0	0	0	1	0	0
NOTCH3	R1201H	1201	22	0	1	0	1	0	0	0	0	0	1	0	0
NOTCH3	V1183M	1183	22	0	46	0	16	0	12	0	1	0	19	0	6
NOTCH3	R1143C	1143	21	0	1	0	0	0	0	0	0	0	0	0	1
NOTCH3	V1141M	1141	21	0	2	0	0	0	0	0	0	0	0	0	1
NOTCH3	H1133Q	1133	21	0	8	0	1	0	4	0	1	0	6	0	1
NOTCH3	N1118I	1118	21	0	1	0	0	0	1	0	0	0	1	0	0
NOTCH3	G1105A	1105	20	0	4	0	0	0	1	0	1	0	1	0	0
NOTCH3	A1020P	1020	19	1	77	1	32	0	18	0	3	0	42	0	10
NOTCH3	T987S	987	18	0	1	0	0	0	1	0	0	0	0	0	0
NOTCH3	A979T	979	18	0	3	0	1	0	1	0	0	0	2	0	1
NOTCH3	S773Y	773	15	0	1	0	0	0	0	0	1	0	1	0	0
NOTCH3	P695L	695	13	0	1	0	0	0	1	0	0	0	1	0	0
NOTCH3	R680H	680	13	0	3	0	2	0	1	0	0	0	2	0	0
NOTCH3	R635H	635	12	0	1	0	1	0	0	0	0	0	1	0	0
NOTCH3	T540M	540	11	0	1	0	1	0	0	0	0	0	1	0	0
NOTCH3	S497L	497	9	0	26	0	12	0	6	0	2	0	17	0	3
NOTCH3	P496L	496	9	0	39	0	10	0	14	0	1	0	18	0	5
NOTCH3	T384M	384	7	0	1	0	0	0	0	0	1	0	1	0	0
NOTCH3	R163W	163	4	0	1	0	0	0	0	0	1	0	1	0	0
NOTCH3	V159M	159	4	0	2	0	1	0	1	0	0	0	1	0	0
NOTCH3	G37V	37	1	0	1	0	1	0	0	0	0	0	1	0	0
NOTCH3	A5T	5	1	0	1	0	0	0	0	0	1	0	1	0	0
