Gene.refGene	variant	AA	exon	all.Hom_A1	all.Het	ad.Hom_A1	ad.Het	ftld-mnd.Hom_A1	ftld-mnd.Het	eod.Hom_A1	eod.Het	aao.Hom_A1	aao.Het	healthy.Hom_A1	healthy.Het
RELN	H3447R	3447	65	0	9	0	3	0	3	0	0	0	5	0	3
RELN	T3430P	3430	65	0	4	0	3	0	0	0	0	0	1	0	0
RELN	G3244S	3244	60	0	5	0	1	0	2	0	0	0	2	0	1
RELN	H3175P	3175	59	0	1	0	0	0	1	0	0	0	0	0	0
RELN	K3099Q	3099	57	0	1	0	1	0	0	0	0	0	1	0	0
RELN	T2933I	2933	54	0	10	0	1	0	2	0	0	0	3	0	4
RELN	A2696T	2696	50	0	5	0	2	0	3	0	0	0	4	0	0
RELN	A2545V	2545	48	0	3	0	0	0	0	0	0	0	0	0	1
RELN	S2513C	2513	48	0	4	0	3	0	0	0	0	0	2	0	0
RELN	G2480S	2480	47	0	15	0	6	0	4	0	2	0	10	0	1
RELN	P2463S	2463	47	0	1	0	0	0	0	0	1	0	1	0	0
RELN	Q2244R	2244	44	0	1	0	1	0	0	0	0	0	1	0	0
RELN	R2242S	2242	44	0	5	0	4	0	1	0	0	0	3	0	0
RELN	K2147T	2147	42	0	5	0	3	0	1	0	0	0	3	0	1
RELN	G2115S	2115	42	0	5	0	3	0	1	0	0	0	3	0	0
RELN	L2057R	2057	41	0	28	0	12	0	5	0	2	0	11	0	4
RELN	G1979S	1979	39	0	1	0	1	0	0	0	0	0	1	0	0
RELN	G1975S	1975	39	0	2	0	1	0	1	0	0	0	2	0	0
RELN	F1944C	1944	39	0	18	0	13	0	1	0	1	0	12	0	1
RELN	T1873I	1873	38	0	1	0	0	0	0	0	1	0	0	0	0
RELN	V1762I	1762	35	1	14	0	6	1	2	0	1	1	7	0	4
RELN	R1742Q	1742	35	0	1	0	1	0	0	0	0	0	1	0	0
RELN	S1719L	1719	34	0	1	0	0	0	1	0	0	0	1	0	0
RELN	P1703R	1703	34	0	4	0	0	0	1	0	2	0	3	0	0
RELN	V1470I	1470	30	0	3	0	2	0	1	0	0	0	3	0	0
RELN	N1446S	1446	30	0	2	0	0	0	2	0	0	0	2	0	0
RELN	N1446Y	1446	30	0	6	0	3	0	1	0	0	0	4	0	1
RELN	E1410K	1410	29	0	2	0	1	0	1	0	0	0	1	0	0
RELN	I1373N	1373	28	0	5	0	3	0	0	0	0	0	3	0	1
RELN	G1280E	1280	27	1	24	0	11	0	7	0	2	0	15	1	3
RELN	N1159K	1159	25	1	5	0	2	1	1	0	0	1	3	0	1
RELN	Q1096R	1096	24	0	1	0	1	0	0	0	0	0	0	0	0
RELN	R1008C	1008	23	0	1	0	0	0	1	0	0	0	1	0	0
RELN	L997V	997	22	22	195	8	91	6	42	1	19	11	119	1	23
RELN	A985G	985	22	0	1	0	0	0	0	0	1	0	1	0	0
RELN	T978A	978	22	0	7	0	2	0	0	0	1	0	2	0	1
RELN	T917A	917	21	0	2	0	1	0	0	0	0	0	1	0	1
RELN	Y914C	914	21	0	1	0	1	0	0	0	0	0	1	0	0
RELN	M709V	709	18	0	2	0	1	0	1	0	0	0	1	0	0
RELN	S630R	630	15	2	36	0	13	1	10	0	1	0	13	1	7
RELN	S600F	600	15	1	28	0	8	0	11	1	3	1	19	0	5
RELN	D365N	365	10	0	2	0	2	0	0	0	0	0	2	0	0
RELN	V359I	359	10	0	1	0	1	0	0	0	0	0	1	0	0
RELN	A233V	233	7	0	2	0	1	0	0	0	1	0	2	0	0
RELN	T139S	139	3	0	17	0	7	0	2	0	1	0	7	0	1
RELN	M115V	115	3	0	4	0	3	0	0	0	0	0	2	0	0
RELN	Q9P	9	1	0	11	0	5	0	4	0	1	0	8	0	0
