Gene.refGene	variant	AA	exon	all.Hom_A1	all.Het	ad.Hom_A1	ad.Het	ftd.Hom_A1	ftd.Het	aao.Hom_A1	aao.Het	healthy.Hom_A1	healthy.Het
LRRK2	R50H	50	1	0	24	0	10	0	6	0	0	0	0
LRRK2	L65Dfs*43	65Dfs*4	2	0	1	0	0	0	0	0	0	0	0
LRRK2	Q103H	103	3	0	2	0	1	0	0	0	0	0	0
LRRK2	L119P	119	4	0	14	0	6	0	1	0	1	0	0
LRRK2	A211V	211	6	0	1	0	1	0	0	0	0	0	0
LRRK2	A233V	233	6	0	1	0	1	0	0	0	0	0	0
LRRK2	N246H	246	7	0	2	0	2	0	0	0	0	0	0
LRRK2	C249G	249	7	0	1	0	0	0	0	0	0	0	0
LRRK2	M262V	262	7	0	1	0	0	0	1	0	0	0	0
LRRK2	V269M	269	7	0	1	0	0	0	0	0	0	0	0
LRRK2	V366L	366	9	0	1	0	0	0	1	0	0	0	0
LRRK2	N467S	467	12	0	1	0	0	0	0	0	0	0	0
LRRK2	R493C	493	13	0	1	0	0	0	1	0	0	0	0
LRRK2	E518K	518	14	0	1	0	1	0	0	0	0	0	0
LRRK2	N551K	551	14	58	491	29	240	7	86	3	14	3	19
LRRK2	L580F	580	15	0	2	0	1	0	0	0	0	0	0
LRRK2	L582P	582	15	0	1	0	1	0	0	0	0	0	0
LRRK2	N710K	710	18	0	1	0	0	0	1	0	0	0	0
LRRK2	I723V	723	18	6	174	3	88	1	29	0	4	1	7
LRRK2	D734N	734	18	0	2	0	0	0	0	0	0	0	0
LRRK2	E740Q	740	18	0	1	0	0	0	1	0	0	0	0
LRRK2	P823L	823	19	0	1	0	0	0	0	0	0	0	0
LRRK2	E899D	899	21	0	2	0	2	0	0	0	0	0	0
LRRK2	Q923H	923	21	0	3	0	2	0	0	0	0	0	0
LRRK2	D941Y	941	22	0	1	0	1	0	0	0	0	0	0
LRRK2	L959V	959	22	0	1	0	0	0	0	0	0	0	0
LRRK2	S1096C	1096	24	0	1	0	0	0	0	0	0	0	0
LRRK2	Q1111H	1111	24	4	83	3	27	0	17	0	2	0	7
LRRK2	P1125L	1125	25	0	1	0	1	0	0	0	0	0	0
LRRK2	H1229R	1229	27	0	1	0	1	0	0	0	0	0	0
LRRK2	P1262A	1262	28	0	11	0	5	0	3	0	1	0	0
LRRK2	G1312E	1312	28	0	2	0	0	0	2	0	0	0	0
LRRK2	C1313X	1313	28	0	5	0	4	0	0	0	0	0	0
LRRK2	R1334G	1334	29	0	1	0	1	0	0	0	0	0	0
LRRK2	R1398H	1398	30	44	443	22	228	7	72	3	12	2	14
LRRK2	T1410M	1410	30	0	4	0	1	0	1	0	0	0	0
LRRK2	N1437S	1437	30	0	1	0	1	0	0	0	0	0	0
LRRK2	S1445C	1445	31	0	1	0	0	0	0	0	0	0	0
LRRK2	R1514Q	1514	32	0	16	0	3	0	7	0	1	0	0
LRRK2	P1524L	1524	32	0	8	0	3	0	0	0	0	0	0
LRRK2	L1535S	1535	32	0	1	0	1	0	0	0	0	0	0
LRRK2	K1539E	1539	32	0	4	0	0	0	0	0	0	0	0
LRRK2	P1542S	1542	32	3	65	1	31	0	11	0	0	0	4
LRRK2	I1543V	1543	32	0	1	0	1	0	0	0	0	0	0
LRRK2	R1628H	1628	34	0	1	0	1	0	0	0	0	0	0
LRRK2	M1646T	1646	34	0	25	0	12	0	2	0	0	0	0
LRRK2	S1647T	1647	34	90	611	51	315	13	98	0	10	2	24
LRRK2	I1662T	1662	34	0	1	0	0	0	0	0	0	0	0
LRRK2	R1725X	1725	36	0	1	0	0	0	0	0	0	0	0
LRRK2	M1788V	1788	37	0	1	0	0	0	0	0	0	0	0
LRRK2	A1812V	1812	37	0	1	0	0	0	0	0	0	0	0
LRRK2	E1820K	1820	37	0	1	0	0	0	0	0	0	0	0
LRRK2	E1948Q	1948	40	0	2	0	1	0	0	0	0	0	0
LRRK2	G2019S	2019	41	0	4	0	3	0	0	0	0	0	0
LRRK2	N2081D	2081	42	0	55	0	30	0	11	0	1	0	2
LRRK2	K2116R	2116	43	0	1	0	1	0	0	0	0	0	0
LRRK2	I2151N	2151	44	0	1	0	0	0	0	0	0	0	0
LRRK2	G2188R	2188	44	0	1	0	1	0	0	0	0	0	0
LRRK2	Y2189C	2189	44	0	5	0	2	0	1	0	0	0	0
LRRK2	L2282V	2282	47	0	1	0	0	0	0	0	0	0	0
LRRK2	T2356I	2356	48	0	1	0	1	0	0	0	0	0	0
LRRK2	G2385R	2385	48	0	1	0	0	0	0	0	0	0	0
LRRK2	M2397T	2397	49	288	836	141	414	42	142	6	21	15	29
LRRK2	R2443Q	2443	49	0	1	0	0	0	0	0	0	0	0
LRRK2	L2471V	2471	50	0	1	0	1	0	0	0	0	0	0
LRRK2	R2477W	2477	50	0	4	0	2	0	1	0	0	0	1
