Gene.refGene	variant	AA	exon	all.Hom_A1	all.Het	ad.Hom_A1	ad.Het	ftd.Hom_A1	ftd.Het	aao.Hom_A1	aao.Het	healthy.Hom_A1	healthy.Het
NOTCH3	P2288S	2288	33	0	3	0	1	0	0	0	0	0	0
NOTCH3	T2270M	2270	33	0	3	0	3	0	0	0	0	0	0
NOTCH3	A2223V	2223	33	242	774	103	398	43	110	3	19	13	30
NOTCH3	P2209L	2209	33	0	11	0	3	0	1	0	0	0	4
NOTCH3	P2178S	2178	33	0	7	0	5	0	2	0	1	0	0
NOTCH3	P2165S	2165	33	0	1	0	1	0	0	0	0	0	0
NOTCH3	G2155E	2155	33	0	5	0	1	0	0	0	0	0	0
NOTCH3	T2133S	2133	33	0	1	0	1	0	0	0	1	0	0
NOTCH3	V2102A	2102	33	0	1	0	0	0	1	0	0	0	0
NOTCH3	P2074L	2074	33	1	19	0	7	0	3	0	1	0	0
NOTCH3	L2043P	2043	33	0	1	0	0	0	1	0	0	0	0
NOTCH3	V2011I	2011	33	1	16	1	11	0	2	0	1	0	0
NOTCH3	T1955I	1955	32	0	4	0	2	0	0	0	0	0	1
NOTCH3	V1952M	1952	32	0	19	0	10	0	4	0	1	0	2
NOTCH3	R1893Q	1893	31	0	2	0	1	0	0	0	0	0	0
NOTCH3	R1785S	1785	29	0	1	0	1	0	0	0	0	0	0
NOTCH3	V1762M	1762	29	0	1	0	1	0	0	0	0	0	0
NOTCH3	D1723G	1723	28	0	1	0	0	0	1	0	0	0	0
NOTCH3	G1710D	1710	28	0	2	0	1	0	1	0	0	0	0
NOTCH3	L1647V	1647	27	0	1	0	0	0	0	0	0	0	0
NOTCH3	R1627Q	1627	26	0	1	0	0	0	0	0	0	0	0
NOTCH3	N1588H	1588	26	0	28	0	17	0	6	0	0	0	0
NOTCH3	R1560P	1560	25	0	4	0	2	0	0	0	0	0	0
NOTCH3	L1547V	1547	25	0	2	0	1	0	0	0	0	0	0
NOTCH3	L1518M	1518	25	0	19	0	7	0	5	0	0	0	0
NOTCH3	D1481N	1481	25	0	1	0	1	0	0	0	0	0	0
NOTCH3	D1477N	1477	25	0	1	0	0	0	0	0	0	0	0
NOTCH3	A1445S	1445	24	0	1	0	1	0	0	0	0	0	0
NOTCH3	A1394V	1394	24	0	1	0	1	0	0	0	0	0	0
NOTCH3	H1235L	1235	22	0	9	0	4	0	0	0	0	0	1
NOTCH3	R1231H	1231	22	0	4	0	2	0	2	0	0	0	0
NOTCH3	R1231C	1231	22	0	3	0	3	0	0	0	0	0	0
NOTCH3	V1183M	1183	22	1	95	0	52	1	13	0	1	0	0
NOTCH3	H1133Q	1133	21	1	11	1	4	0	3	0	1	0	0
NOTCH3	A1057V	1057	20	0	1	0	1	0	0	0	0	0	0
NOTCH3	P1039L	1039	19	0	1	0	1	0	0	0	0	0	0
NOTCH3	A1020P	1020	19	3	125	0	66	2	19	0	3	0	0
NOTCH3	E990Q	990	18	0	1	0	0	0	1	0	0	0	0
NOTCH3	T987S	987	18	0	1	0	1	0	0	0	0	0	0
NOTCH3	S978R	978	18	0	1	0	1	0	0	0	0	0	0
NOTCH3	H958Q	958	18	0	1	0	1	0	0	0	0	0	0
NOTCH3	L925V	925	17	0	2	0	0	0	2	0	0	0	0
NOTCH3	P914L	914	17	0	1	0	0	0	0	0	0	0	0
NOTCH3	P882R	882	17	0	1	0	0	0	0	0	0	0	0
NOTCH3	T836I	836	16	0	1	0	0	0	0	0	0	0	0
NOTCH3	P817L	817	16	0	1	0	1	0	0	0	0	0	0
NOTCH3	E813K	813	16	0	1	0	0	0	0	0	0	0	0
NOTCH3	P777L	777	15	0	1	0	0	0	0	0	0	0	1
NOTCH3	R767H	767	15	0	1	0	1	0	0	0	0	0	0
NOTCH3	P695L	695	13	0	1	0	0	0	1	0	0	0	0
NOTCH3	R680H	680	13	0	10	0	5	0	1	0	1	0	0
NOTCH3	G667D	667	13	0	1	0	0	0	1	0	0	0	0
NOTCH3	R635H	635	12	0	1	0	1	0	0	0	0	0	0
NOTCH3	P609L	609	11	0	1	0	0	0	0	0	0	0	0
NOTCH3	R578C	578	11	0	1	0	1	0	0	0	0	0	0
NOTCH3	T577A	577	11	0	1	0	1	0	0	0	0	0	0
NOTCH3	T540M	540	11	0	1	0	1	0	0	0	0	0	0
NOTCH3	S497L	497	9	0	26	0	13	0	6	0	1	0	0
NOTCH3	P496L	496	9	0	33	0	13	0	8	0	0	0	2
NOTCH3	G230S	230	5	0	1	0	0	0	0	0	0	0	0
NOTCH3	T211I	211	4	0	1	0	0	0	0	0	0	0	0
NOTCH3	H170R	170	4	0	4	0	4	0	0	0	0	0	0
NOTCH3	R163W	163	4	0	1	0	1	0	0	0	0	0	0
NOTCH3	Q151E	151	4	0	1	0	0	0	1	0	0	0	0
NOTCH3	R133H	133	4	0	1	0	0	0	1	0	0	0	0
NOTCH3	R61W	61	2	0	1	0	0	0	1	0	0	0	0
NOTCH3	P42S	42	2	0	1	0	1	0	0	0	0	0	0
NOTCH3	G37V	37	1	0	1	0	1	0	0	0	0	0	0
NOTCH3	L33del	33de	1	0	1	0	1	0	0	0	0	0	0
